Q3 A)
Mean:  3.173369911222309
Max:  5.950391497513023
Min:  1.218093551758759
SD:  0.6290115795383511


Q3 B)
Mean:  3.164495224626567
Max:  4.988331733595544
Min:  1.8384790145606393
SD:  0.6565660374075521
# optimal:  0


Q3 C)
Mean:  1.9347005798544712
Max:  2.816478885489682
Min:  1.2627624171687986
SD:  0.3413580032023929
# optimal:  0


Q3 D) - Hill climbing
Mean:  8.2386012658116
Max:  9.006347714406745
Min:  7.351105473195767
SD:  0.3080216218710123
# optimal:  0