Q3 A)
Mean:  3.1367289698194507
Max:  5.56818407260794
Min:  1.07670534382183
SD:  0.6532493715730691


Q3 B)
Mean:  3.1329016964061975
Max:  5.092438141645423
Min:  1.7561042172717338
SD:  0.6281463650920524
# optimal:  0


Q3 C)
Mean:  1.912796017456559
Max:  2.586958482764507
Min:  1.07670534382183
SD:  0.3489762036828079
# optimal:  1


Q3 D) - Hill climbing
Mean:  8.890640745451984
Max:  10.325104667366102
Min:  7.881935509503576