Q3 A)
Mean:  3.1722594529571104
Max:  6.278909045289895
Min:  0.8926538583849101
SD:  0.6279557476230825


Q3 B)
Mean:  3.2338011888983673
Max:  4.943047978163454
Min:  1.9618583093860287
SD:  0.5885687463903211
# optimal:  0


Q3 C)
Mean:  2.5744054545498787
Max:  4.943047978163454
Min:  0.8926538583849101
SD:  0.8143778327467249
# optimal:  1


Q3 D) - Hill climbing
Mean:  29.937385956963
Max:  56.922810783424524
Min:  7.7943424996118695
SD:  21.265551120244893